0, 1102
1, 34463338
2, 34463338
3, 63
4, 1007
5, 63
6, 34463338
7, 63
8, 1005
9, 63
10, 53
11, 1101
12, 0
13, 3
14, 1000
15, 109
16, 988
17, 209
18, 12
19, 9
20, 1000
21, 209
22, 6
23, 209
24, 3
25, 203
26, 0
27, 1008
28, 1000
29, 1
30, 63
31, 1005
32, 63
33, 65
34, 1008
35, 1000
36, 2
37, 63
38, 1005
39, 63
40, 904
41, 1008
42, 1000
43, 0
44, 63
45, 1005
46, 63
47, 58
48, 4
49, 25
50, 104
51, 0
52, 99
53, 4
54, 0
55, 104
56, 0
57, 99
58, 4
59, 17
60, 104
61, 0
62, 99
63, 0
64, 0
65, 1101
66, 0
67, 36
68, 1015
69, 1102
70, 1
71, 387
72, 1028
73, 1101
74, 24
75, 0
76, 1016
77, 1101
78, 0
79, 23
80, 1008
81, 1102
82, 1
83, 35
84, 1012
85, 1102
86, 1
87, 554
88, 1023
89, 1101
90, 29
91, 0
92, 1003
93, 1101
94, 27
95, 0
96, 1011
97, 1101
98, 25
99, 0
100, 1000
101, 1101
102, 0
103, 38
104, 1018
105, 1102
106, 20
107, 1
108, 1019
109, 1102
110, 28
111, 1
112, 1005
113, 1102
114, 1
115, 619
116, 1026
117, 1102
118, 1
119, 22
120, 1004
121, 1101
122, 0
123, 0
124, 1020
125, 1101
126, 0
127, 31
128, 1009
129, 1102
130, 1
131, 783
132, 1024
133, 1102
134, 1
135, 33
136, 1001
137, 1102
138, 616
139, 1
140, 1027
141, 1102
142, 1
143, 21
144, 1006
145, 1101
146, 32
147, 0
148, 1013
149, 1102
150, 39
151, 1
152, 1014
153, 1102
154, 1
155, 378
156, 1029
157, 1101
158, 774
159, 0
160, 1025
161, 1102
162, 1
163, 1
164, 1021
165, 1102
166, 30
167, 1
168, 1007
169, 1102
170, 37
171, 1
172, 1002
173, 1102
174, 1
175, 26
176, 1017
177, 1101
178, 0
179, 557
180, 1022
181, 1102
182, 1
183, 34
184, 1010
185, 109
186, 13
187, 2101
188, 0
189, -5
190, 63
191, 1008
192, 63
193, 23
194, 63
195, 1005
196, 63
197, 203
198, 4
199, 187
200, 1105
201, 1
202, 207
203, 1001
204, 64
205, 1
206, 64
207, 1002
208, 64
209, 2
210, 64
211, 109
212, -14
213, 2107
214, 28
215, 4
216, 63
217, 1005
218, 63
219, 225
220, 4
221, 213
222, 1106
223, 0
224, 229
225, 1001
226, 64
227, 1
228, 64
229, 1002
230, 64
231, 2
232, 64
233, 109
234, 10
235, 1207
236, -3
237, 20
238, 63
239, 1005
240, 63
241, 245
242, 1106
243, 0
244, 251
245, 4
246, 235
247, 1001
248, 64
249, 1
250, 64
251, 1002
252, 64
253, 2
254, 64
255, 109
256, 8
257, 1205
258, 3
259, 263
260, 1105
261, 1
262, 269
263, 4
264, 257
265, 1001
266, 64
267, 1
268, 64
269, 1002
270, 64
271, 2
272, 64
273, 109
274, -9
275, 1207
276, -7
277, 34
278, 63
279, 1005
280, 63
281, 287
282, 4
283, 275
284, 1105
285, 1
286, 291
287, 1001
288, 64
289, 1
290, 64
291, 1002
292, 64
293, 2
294, 64
295, 109
296, -4
297, 2102
298, 1
299, -3
300, 63
301, 1008
302, 63
303, 32
304, 63
305, 1005
306, 63
307, 311
308, 1105
309, 1
310, 317
311, 4
312, 297
313, 1001
314, 64
315, 1
316, 64
317, 1002
318, 64
319, 2
320, 64
321, 109
322, 21
323, 21101
324, 40
325, 0
326, -6
327, 1008
328, 1019
329, 43
330, 63
331, 1005
332, 63
333, 337
334, 1106
335, 0
336, 343
337, 4
338, 323
339, 1001
340, 64
341, 1
342, 64
343, 1002
344, 64
345, 2
346, 64
347, 109
348, -26
349, 1202
350, 7
351, 1
352, 63
353, 1008
354, 63
355, 21
356, 63
357, 1005
358, 63
359, 365
360, 4
361, 349
362, 1106
363, 0
364, 369
365, 1001
366, 64
367, 1
368, 64
369, 1002
370, 64
371, 2
372, 64
373, 109
374, 26
375, 2106
376, 0
377, 3
378, 4
379, 375
380, 1001
381, 64
382, 1
383, 64
384, 1105
385, 1
386, 387
387, 1002
388, 64
389, 2
390, 64
391, 109
392, -9
393, 21108
394, 41
395, 40
396, 3
397, 1005
398, 1019
399, 407
400, 1001
401, 64
402, 1
403, 64
404, 1106
405, 0
406, 409
407, 4
408, 393
409, 1002
410, 64
411, 2
412, 64
413, 109
414, 13
415, 1205
416, -8
417, 423
418, 4
419, 415
420, 1106
421, 0
422, 427
423, 1001
424, 64
425, 1
426, 64
427, 1002
428, 64
429, 2
430, 64
431, 109
432, -19
433, 21107
434, 42
435, 41
436, 5
437, 1005
438, 1015
439, 447
440, 1001
441, 64
442, 1
443, 64
444, 1106
445, 0
446, 449
447, 4
448, 433
449, 1002
450, 64
451, 2
452, 64
453, 109
454, -3
455, 2102
456, 1
457, -5
458, 63
459, 1008
460, 63
461, 37
462, 63
463, 1005
464, 63
465, 471
466, 4
467, 455
468, 1105
469, 1
470, 475
471, 1001
472, 64
473, 1
474, 64
475, 1002
476, 64
477, 2
478, 64
479, 109
480, -2
481, 1201
482, 0
483, 0
484, 63
485, 1008
486, 63
487, 28
488, 63
489, 1005
490, 63
491, 497
492, 4
493, 481
494, 1105
495, 1
496, 501
497, 1001
498, 64
499, 1
500, 64
501, 1002
502, 64
503, 2
504, 64
505, 109
506, 8
507, 2107
508, 29
509, -8
510, 63
511, 1005
512, 63
513, 521
514, 1001
515, 64
516, 1
517, 64
518, 1106
519, 0
520, 523
521, 4
522, 507
523, 1002
524, 64
525, 2
526, 64
527, 109
528, -3
529, 1208
530, -3
531, 30
532, 63
533, 1005
534, 63
535, 541
536, 4
537, 529
538, 1106
539, 0
540, 545
541, 1001
542, 64
543, 1
544, 64
545, 1002
546, 64
547, 2
548, 64
549, 109
550, 4
551, 2105
552, 1
553, 9
554, 1105
555, 1
556, 563
557, 4
558, 551
559, 1001
560, 64
561, 1
562, 64
563, 1002
564, 64
565, 2
566, 64
567, 109
568, 9
569, 1206
570, -3
571, 581
572, 4
573, 569
574, 1001
575, 64
576, 1
577, 64
578, 1106
579, 0
580, 581
581, 1002
582, 64
583, 2
584, 64
585, 109
586, -8
587, 1201
588, -9
589, 0
590, 63
591, 1008
592, 63
593, 23
594, 63
595, 1005
596, 63
597, 605
598, 1001
599, 64
600, 1
601, 64
602, 1106
603, 0
604, 607
605, 4
606, 587
607, 1002
608, 64
609, 2
610, 64
611, 109
612, 21
613, 2106
614, 0
615, -9
616, 1106
617, 0
618, 625
619, 4
620, 613
621, 1001
622, 64
623, 1
624, 64
625, 1002
626, 64
627, 2
628, 64
629, 109
630, -35
631, 2108
632, 31
633, 8
634, 63
635, 1005
636, 63
637, 647
638, 4
639, 631
640, 1001
641, 64
642, 1
643, 64
644, 1105
645, 1
646, 647
647, 1002
648, 64
649, 2
650, 64
651, 109
652, 2
653, 1202
654, 0
655, 1
656, 63
657, 1008
658, 63
659, 30
660, 63
661, 1005
662, 63
663, 667
664, 1105
665, 1
666, 673
667, 4
668, 653
669, 1001
670, 64
671, 1
672, 64
673, 1002
674, 64
675, 2
676, 64
677, 109
678, 17
679, 21108
680, 43
681, 43
682, -4
683, 1005
684, 1016
685, 691
686, 4
687, 679
688, 1106
689, 0
690, 695
691, 1001
692, 64
693, 1
694, 64
695, 1002
696, 64
697, 2
698, 64
699, 109
700, -14
701, 1208
702, -1
703, 30
704, 63
705, 1005
706, 63
707, 711
708, 1106
709, 0
710, 717
711, 4
712, 701
713, 1001
714, 64
715, 1
716, 64
717, 1002
718, 64
719, 2
720, 64
721, 109
722, 6
723, 21101
724, 44
725, 0
726, -1
727, 1008
728, 1011
729, 44
730, 63
731, 1005
732, 63
733, 739
734, 4
735, 723
736, 1105
737, 1
738, 743
739, 1001
740, 64
741, 1
742, 64
743, 1002
744, 64
745, 2
746, 64
747, 109
748, -15
749, 2108
750, 30
751, 8
752, 63
753, 1005
754, 63
755, 759
756, 1106
757, 0
758, 765
759, 4
760, 749
761, 1001
762, 64
763, 1
764, 64
765, 1002
766, 64
767, 2
768, 64
769, 109
770, 27
771, 2105
772, 1
773, 0
774, 4
775, 771
776, 1001
777, 64
778, 1
779, 64
780, 1105
781, 1
782, 783
783, 1002
784, 64
785, 2
786, 64
787, 109
788, -9
789, 1206
790, 6
791, 795
792, 1105
793, 1
794, 801
795, 4
796, 789
797, 1001
798, 64
799, 1
800, 64
801, 1002
802, 64
803, 2
804, 64
805, 109
806, 4
807, 21102
808, 45
809, 1
810, -7
811, 1008
812, 1012
813, 45
814, 63
815, 1005
816, 63
817, 823
818, 4
819, 807
820, 1105
821, 1
822, 827
823, 1001
824, 64
825, 1
826, 64
827, 1002
828, 64
829, 2
830, 64
831, 109
832, -14
833, 21102
834, 46
835, 1
836, 5
837, 1008
838, 1010
839, 43
840, 63
841, 1005
842, 63
843, 851
844, 1001
845, 64
846, 1
847, 64
848, 1105
849, 1
850, 853
851, 4
852, 833
853, 1002
854, 64
855, 2
856, 64
857, 109
858, -1
859, 2101
860, 0
861, 1
862, 63
863, 1008
864, 63
865, 25
866, 63
867, 1005
868, 63
869, 873
870, 1105
871, 1
872, 879
873, 4
874, 859
875, 1001
876, 64
877, 1
878, 64
879, 1002
880, 64
881, 2
882, 64
883, 109
884, 9
885, 21107
886, 47
887, 48
888, -3
889, 1005
890, 1010
891, 897
892, 4
893, 885
894, 1105
895, 1
896, 901
897, 1001
898, 64
899, 1
900, 64
901, 4
902, 64
903, 99
904, 21101
905, 0
906, 27
907, 1
908, 21101
909, 915
910, 0
911, 0
912, 1106
913, 0
914, 922
915, 21201
916, 1
917, 57526
918, 1
919, 204
920, 1
921, 99
922, 109
923, 3
924, 1207
925, -2
926, 3
927, 63
928, 1005
929, 63
930, 964
931, 21201
932, -2
933, -1
934, 1
935, 21101
936, 942
937, 0
938, 0
939, 1106
940, 0
941, 922
942, 21201
943, 1
944, 0
945, -1
946, 21201
947, -2
948, -3
949, 1
950, 21101
951, 957
952, 0
953, 0
954, 1106
955, 0
956, 922
957, 22201
958, 1
959, -1
960, -2
961, 1105
962, 1
963, 968
964, 21202
965, -2
966, 1
967, -2
968, 109
969, -3
970, 2106
971, 0
972, 0
